H01|031201|2000000011|2021-02-28|LBASRJK|112|1|
D01|2502010100|0|3671|31906152865|31906156536|0|31462349067
D01|2502010200|0|0|10884677217|10884677217|0|12021411091
D01|2502010300|0|0|254316616247|254316616247|0|236186290500
D01|2502010400|0|3671|297107446329|297107450000|0|279670050658
D01|2502020100|0|0|11188828030|11188828030|0|3727003323
D01|2502020200|0|0|3070240174|3070240174|0|322270629
D01|2502020300|0|0|158573377318|158573377318|0|137865789706
D01|2502030000|0|0|172832445522|172832445522|0|141915063658
D01|2502040000||||297107450000||279670050658
