H01|031201|2000000011|2021-02-28|LBASRJK|614|0|
D01|6140000001|YRT |EKW|IND|1|298|116598200000|909295276|12358670656|262649282|241094200|503743482|2736404916|68662983046|71399387962|2533553925|36338738518|38872292443
D01|6140000001|YRT Rider|EKW|IND|1|0|544451782509|1456007767|0|1159619|138762386|139922005|0|0|0|0|0|0
D01|6140000001|ING Prime Invest|EKW|IND|1|0|0|0|0|0|0|0|0|0|0|0|0|0
D01|6140000001|Accident Cash Protection|EKW|IND|1|4041|1385700000000|5368184437|0|0|304772500|304772500|0|0|0|0|0|0
D01|6140000001|Gaya Hidup|EKW|IND|1|0|13243861250|11116996|0|952415|8015920|8968335|0|0|0|0|0|0
D01|6140000001|Pelindung 1 |EKW|IND|1|58|5725000000|40200790|0|0|20189803|20189803|0|0|0|0|0|0
D01|6140000001|Pelindung Kehidupan |EKW|IND|1|3|2395500000|39710862|0|0|13220786|13220786|0|0|0|0|0|0
D01|6140000001|Manfaat Kehidupan|EKW|IND|1|0|5813750000|19520532|0|0|13066136|13066136|0|0|0|0|0|0
D01|6140000001|Santunan Perlindungan Profesional|EKW|IND|1|0|0|0|0|0|0|0|0|0|0|0|0|0
D01|6140000001|Payor Benefit|EKW|IND|1|0|58930395059|425353657|0|756748|239378834|240135582|0|0|0|0|0|0
D01|6140000001|Decreasing Term|EKW|IND|1|0|1002500000|8592103|0|0|2994870|2994870|0|0|0|0|0|0
D01|6140000001|Ongko|EKW|IND|1|0|2611360000|5008850|0|872335|1928328|2800663|0|0|0|0|0|0
D01|6140000001|JHIN|EKW|IND|1|27|1014957866|625727|0|0|336548|336548|0|0|0|0|0|0
D01|6140000001|Credit Shield|EKW|IND|1|89083|116456682870|597601147|0|0|401775556|401775556|0|0|0|0|0|0
D01|6140000001| Pro Active|EKW|IND|1|0|0|0|0|0|0|0|0|0|0|0|0|0
D01|6140000001|Pro Active Plus|EKW|IND|1|4877|5328944066800|19778213939|0|468792979|9893052000|10361844979|0|0|0|0|0|0
D01|6140000001|Waiver Premium |EKW|IND|1|0|311472463691|2467332970|0|51021251|627370583|678391834|0|0|0|0|0|0
D01|6140000001|Extra Premi|EKW|IND|1|0|0|0|0|629467566|5033870585|5663338151|0|0|0|0|0|0
D01|6140000001|Manulife Income Replacement|EKW|IND|1|0|2773067430600|0|0|193621|941144348|941337969|0|0|0|0|0|0
D01|6140000001|Proteksi Prima Sejahtera|EKW|IND|1|34|35300000000|165829534|0|0|112551181|112551181|0|0|0|0|0|0
D01|6140000001|MiWealth Protection|EKW|IND|1|0|9000000|0|0|0|7884|7884|0|0|0|0|0|0
D01|6140000001|Danamon Lebih|ACD|IND|1|11|1300000000|1998174|4555796715|0|81627|81627|0|26446915016|26446915016|267352554|3096016815|3363369369
D01|6140000001|ADDB |ACD|IND|1|0|11025435249751|16012840477|0|962212983|7629708890|8591921873|0|0|0|0|0|0
D01|6140000001|Accidental Benefit Rider|ACD|IND|1|0|67502309000|82507613|0|18656831|32041803|50698634|0|0|0|0|0|0
D01|6140000001|Faedah Bebas Premi|ACD|IND|1|0|1597106472|22656408|0|4408790|7815636|12224426|0|0|0|0|0|0
D01|6140000001|PA Protection|ACD|IND|1|349303|2571016073309|2202699162|0|0|0|0|0|0|0|0|0|0
D01|6140000001|Accidental Indemnity|ACD|IND|1|0|1752500|1303335|0|0|731216|731216|0|0|0|0|0|0
D01|6140000001|Hospital Benefit|HLT|IND|1|0|0|77286667|81978624192|63687089|1871086396|1934773485|3030250762|39249588366|42279839128|933284731|34030285672|34963570403
D01|6140000001|Proteksi Prima Sehat|HLT|IND|1|58|0|170938010|0|0|1204826349|1204826349|0|0|0|0|0|0
D01|6140000001|Living Benefit|HLT|IND|1|0|548081091|388936030|0|34760714|170555600|205316314|0|0|0|0|0|0
D01|6140000001|Living Protection|HLT|IND|1|0|0|51074134|0|0|27098110|27098110|0|0|0|0|0|0
D01|6140000001|Hospital income rider|HLT|IND|1|0|0|31358864|0|0|15306110|15306110|0|0|0|0|0|0
D01|6140000001|Family Care Rider|HLT|IND|1|0|0|133133895|0|46397761|61006990|107404751|0|0|0|0|0|0
D01|6140000001|Aeconomedia Cash Rider|HLT|IND|1|0|0|46940350|0|2218851|17846600|20065451|0|0|0|0|0|0
D01|6140000001|Individual HB Rider|HLT|IND|1|0|0|485464381|0|0|204460060|204460060|0|0|0|0|0|0
D01|6140000001|Family Hospital Income|HLT|IND|1|0|0|4944231|0|0|2692204|2692204|0|0|0|0|0|0
D01|6140000001|Healthsafe|HLT|IND|1|0|0|32267138321|0|665443944|13692636956|14358080900|0|0|0|0|0|0
D01|6140000001|DPMED|HLT|IND|1|0|0|0|0|0|0|0|0|0|0|0|0|0
D01|6140000001|Manulife Crisis Cover|HLT|IND|1|0|2670397536010|12568834398|0|9018562|2566705360|2575723922|0|0|0|0|0|0
D01|6140000001|Critical Illness Protection|HLT|IND|1|0|1308313978750|0|0|15984600|416625645|432610245|0|0|0|0|0|0
D01|6140000001|Hospital Benefit Plus|HLT|IND|1|0|0|211436012640|0|5478825211|90369139200|95847964411|0|0|0|0|0|0
D01|6140000001|Manulife Medicare Plus|HLT|IND|1|0|0|0|0|32321947|2835211194|2867533141|0|0|0|0|0|0
D01|6140000001|Medicare Plus PPR|HLT|IND|1|0|0|9017089724|0|160044961|4302948873|4462993834|0|0|0|0|0|0
D01|6140000001|Early Stage CI-DMTM|HLT|IND|1|3013|455750000000|5895185591|0|0|335005927|335005927|0|0|0|0|0|0
D01|6140000001|MiUltimate|HLT|IND|1|10083|0|110446615260|0|0|57284810000|57284810000|0|0|0|0|0|0
D01|6140000001|MiEarly Care|HLT|IND|1|0|766246550000|0|0|3344942|147144507|150489449|0|0|0|0|0|0
D01|6140000001|Manulife Hospital Income|HLT|IND|1|0|0|0|0|0|81689271|81689271|0|0|0|0|0|0
D01|6140000001|MiTreasure Ultimate Protection Rider|HLT|IND|1|0|557898648200|0|0|0|240733829|240733829|0|0|0|0|0|0
D01|6140000001|CI ROP|HLT|IND|1|0|0|0|0|0|0|0|0|0|0|0|0|0
D01|6140000001|PPMe|HLT|IND|1|0|0|0|0|0|0|0|0|0|0|0|0|0
D01|6140000001|MiTreasure Optimax Rider|HLT|IND|1|0|13882072250|0|0|159307677|164832137|324139814|0|0|0|0|0|0
D01|6140000001|Manulife Prime Assurance Rider|HLT|IND|1|0|39973433992|0|0|44999164|345594971|390594135|0|0|0|0|0|0
D01|6140000001|YRT|EKW|GRP|1|62967|27872654331891|29484605586|7631914545|622349160|10494769681|11117118841|0|0|0|128256211|1949624167|2077880378
D01|6140000001|Tabungan Dana Impian|EKW|GRP|1|0|0|0|0|0|0|0|0|0|0|0|0|0
D01|6140000001|Manulife Program Pesangon (MPP)|EKW|GRP|1|66350|1022793610287|110690854783|0|0|930742185|930742185|0|0|0|0|0|0
D01|6140000001|Manulife Karyawan Sejahtera (MKS)|EKW|GRP|1|20016|707638374856|114757472928|0|0|643950921|643950921|0|0|0|0|0|0
D01|6140000001|MDP|EKW|GRP|1|976|24526759128|3247142756|0|0|22319351|22319351|0|0|0|0|0|0
D01|6140000001|MPK|EKW|GRP|1|12|420300000|58588704|0|0|382473|382473|0|0|0|0|0|0
D01|6140000001|RBS Payshield|EKW|GRP|1|67451|19799390000|1219211001|0|0|66246840|66246840|0|0|0|0|0|0
D01|6140000001|RBS Payshield Plus|EKW|GRP|1|73|2310000000|30923056|0|0|1544151|1544151|0|0|0|0|0|0
D01|6140000001|ADDB|ACD|GRP|1|37683|8991181356519|6113405932|1237678513|163776817|2065242626|2229019443|0|0|0|33192686|242607297|275799983
D01|6140000001|Hospital/Maternity/Outpatient/Dental/Optical|HLT|GRP|1|115495|0|159234656301|5643938146|0|70938220682|70938220682|0|0|0|0|14316317707|14316317707
D01|6140000001|Zurich Rawat|HLT|GRP|1|2|0|9463214|0|0|631932|631932|0|0|0|0|0|0
D01|6140000001|Zurich Sehat|HLT|GRP|1|0|0|0|0|0|0|0|0|0|0|0|0|0
D01|6140000001|Zurich Cross|HLT|GRP|1|0|0|0|0|0|0|0|0|0|0|0|0|0
D01|6140000001|Critical Illness|HLT|GRP|1|152|81112485616|211423489|0|0|17901758|17901758|0|0|0|0|0|0
D01|6140000002|||||832066|68905036350267|857695300002|113406622767|9903625820|287203820509|297107446329|5766655678|134359486428|140126142106|3895640107|89973590176|93869230283
