H01|031205|2000000051|2021-03-31|LBASRUS|212|3|
D01|6101000000|3101|nama Reasuradur 1|1|2|-1|2.80|-3
D01|6101000000|3101|nama Reasuradur 2|100000|0|100000|2.80|280000
D01|6101000000|3101|nama Reasuradur 3|2|0|2|2.80|6
D01|6101000000|3101|nama Reasuradur 4|0|2|-2|2.80|-6
D01|6101000000|3101|nama Reasuradur 5|0|0|0|2.80|0
D01|6101000000|3101|nama Reasuradur 6|3|34000|-33997|2.80|-95192
D01|6101000000|3101|nama Reasuradur 7|0|0|0|2.80|0
D01|6101000000|3101|nama Reasuradur 8|0|0|0|2.80|0
D01|6101000000|3101|nama Reasuradur 9|0|4|-4|2.80|-11
D01|6101000000|3101|nama Reasuradur 10|0|0|0|2.80|0
D01|6101000000|3101|nama Reasuradur 11|0|0|0|2.80|0
D01|6101000000|3101|nama Reasuradur 12|5|6|-1|2.80|-3
D01|6101000000|3101|nama Reasuradur 13|0|0|0|2.80|0
