H01|031204|2000000041|2021-12-31|RBASRJS|0701|0|
D01|0701010000|||1213|323313|645413|967513
D01|0701020100|pemegang saham 1||233232|233232|233232|233232
D01|0701020100|pemegang saham 2||233232|233232|233232|233232
D01|0701020100|pemegang saham 3||233232|233232|233232|233232
D01|0701030000|||233232|233232|233232|233232
D01|0701040000|||233232|233232|233232|233232
D01|0701050000||uraian lainny 1|233232|233232|233232|233232
D01|0701050000||uraian lainny 2|233232|233232|233232|233232
D01|0701060000|||1633837|1955937|2278037|2600137
