H01|031201|2000000011|2021-02-28|LBASRJK|203|3|
D01|4402000001|13709528473|0|2567172982|16276701455|0|0|0|0
D01|4402000002|630203699|0|1831837543|2462041242|0|0|0|0
D01|4402000003|8496554174|0|23313805899|31810360073|0|0|0|0
D01|4402000004|0|0|0|0|0|0|0|0
D01|4402000005|8554145872|0|11436439329|19990585201|0|0|0|0
D01|4402000006|1689539180|0|4103936049|5793475229|0|0|0|0
D01|4402000007|53899509956|0|33723052383|87622562339|0|0|0|0
D01|4402000008|19306872287|0|12880640180|32187512467|0|0|0|0
D01|4402000000|106286353641|0|89856884365|196143238006|0|0|0|0
