H01|030404|2600000099|2026-01-31|LBPPNJS|3200A|2|TEST-LBPPNJS
D01|3200A10100|LO:e1101|4|3|2|4|3|2|4|3|2|4|3|2|4|3|2|20|15|10
D01|3200A10100|LO:e1101|4|3|2|4|3|2|4|3|2|4|3|2|4|3|2|20|15|10
D01|3200A10100|LO:e1101|3|3|2|3|3|2|3|3|2|3|3|2|3|3|2|15|15|10
D01|3200A10100|LO:e1101|3|4|1|3|4|1|3|4|1|3|4|1|3|4|1|15|20|5
D01|3200A10100|LO:e1101|4|3|1|4|3|1|4|3|1|4|3|1|4|3|1|20|15|5
D01|3200A10100|LO:e1101|5|2|2|5|2|2|5|2|2|5|2|2|5|2|2|25|10|10
D01|3200A10100|LO:e1101|5|2|3|5|2|3|5|2|3|5|2|3|5|2|3|25|10|15
D01|3200A10100|LO:e1101|3|3|2|3|3|2|3|3|2|3|3|2|3|3|2|15|15|10
D01|3200A10100|LO:e1101|3|1|2|3|1|2|3|1|2|3|1|2|3|1|2|15|5|10
D01|3200A10100|LO:e1101|2|1|1|2|1|1|2|1|1|2|1|1|2|1|1|10|5|5
